143
162
176
219
240
612
724
751
994
1045
1168
1222
1223
1463
1666
1871
1892
1912
1948
2026
2095
2099
2120
2213
2487
2552
2566
2689
2748
2857
2886
2916
2934
3187
3255
3277
3391
3475
3549
3571
3676
3890
3941
4113
4138
4262
4289
4352
4373
4434
4437
4443
4458
4599
4605
4632
4640
4650
4694
4803
4847
4855
5128
5323
5525
5570
5589
5682
5801
6074
6534
6733
6805
7036
7073
7112
7371
7422
7754
7904
7923
7978
8111
8158
8209
8274
8364
8425
8522
8573
8588
8778
8845
8965
9037
9233
9359
9410
9426
9427
9602
9704
9748
10058
10072
10188
10261
10277
10295
10299
10406
10522
10588
10648
10678
10688
10908
10938
11017
11019
11069
11223
11425
11488
11652
11701
11936
11970
12160
12235
12451
12461
12470
12738
12806
12941
13302
13351
13408
13472
13576
13640
13839
13913
13938
14004
14080
14109
14131
14178
14307
14652
14748
14756
14765
14797
14987
15008
15017
15126
15284
15298
15429
15444
15484
15968
16031
16141
16218
16237
16328
16381
16497
16579
16588
16598
16632
16706
17038
17147
17232
17306
17404
17477
17478
17551
17648
17705
17722
17755
17888
17944
17959
17991
18016
18118
18257
18287
18295
18398
18540
18623
18661
18839
18928
18962
19180
19189
19250
19252
19271
19544
19767
19780
19892
20211
20252
20286
20329
20353
20380
20398
20439
20470
20590
20590
20795
21164
21200
21255
21266
21323
21387
21472
21779
21947
21965
22310
22499
22593
22825
22882
22892
23036
23135
23143
23144
23249
23263
23277
23333
23354
23381
23440
23645
23660
23701
23803
23879
23928
23985
24039
24292
24319
24470
24477
24601
24620
24630
24655
24703
24834
24836
25065
25180
25255
25307
25536
25548
25934
26027
26043
26082
26085
26090
26134
26153
26171
26355
26432
26549
26555
26559
26851
26928
27042
27048
27225
27300
27394
27417
27583
27972
28091
28148
28190
28198
28298
28538
28589
28616
28706
28901
28972
29008
29074
29094
29487
29563
29722
29818
29956
30098
30122
30208
30237
30254
30303
30303
30308
30447
30461
30533
30553
30630
30844
30972
30977
31031
31050
31161
31260
31378
31387
31473
31481
31578
31711
31865
32013
32027
32029
32118
32144
32170
32262
32415
32625
32670
32686
32716
32727
32914
32921
32940
33034
33165
33389
33401
33661
33720
33768
33782
33913
33965
33998
34235
34275
34412
34416
34638
34715
34823
34880
34888
35232
35240
35304
35435
35440
35479
35509
35510
35544
35572
35590
35592
35719
35980
36087
36126
36257
36259
36283
36294
36314
36480
36594
36879
37200
37279
37295
37464
37466
37557
37740
37741
38028
38109
38295
38368
38392
38408
38815
38841
38867
39171
39217
39300
39368
39397
39421
39474
39770
39819
39855
39950
39952
39995
40060
40183
40335
40399
40468
40562
40667
40904
40914
41041
41048
41117
41294
41305
41358
41500
41597
41670
41740
41836
41857
41920
41999
42048
42217
42265
42278
42324
42367
42424
42904
42924
42985
42997
43101
43264
43266
43294
43358
43613
43619
43672
43832
43999
44272
44444
44507
44514
44583
44592
44688
44724
44816
44835
45054
45056
45073
45198
45345
45401
45429
45431
45438
45598
45664
45697
45946
46178
46208
46215
46323
46329
46402
46413
46452
46499
46965
47013
47018
47130
47144
47167
47246
47271
47350
47386
47567
47942
47969
48013
48294
48347
48602
48745
48765
48849
49213
49233
49241
49283
49305
49347
49582
49687
49750
50055
50076
50117
50240
50244
50463
50476
50478
50547
50624
50659
50694
50764
51042
51073
51348
51382
51404
51544
51545
51629
51833
51835
51844
51882
51975
51993
52034
52238
52265
52276
52305
52388
52619
52651
52682
52762
52870
52948
52970
53031
53212
53279
53377
53436
53547
53711
53711
53724
53747
53845
53996
54248
54314
54354
54425
54461
54524
54536
54783
54883
55188
55544
55625
55648
55649
55673
55711
55850
55914
55964
55971
56053
56206
56485
56594
56649
56674
56814
57157
57227
57249
57251
57282
57317
57340
57619
57836
57871
57980
58241
58270
58543
58583
58695
58742
58825
58861
58979
58994
59150
59230
59328
59396
59427
59445
59561
59573
59739
59755
59986
60006
60036
60099
60155
60409
60433
60503
60527
60720
61040
61055
61088
61181
61185
61249
61357
61587
61689
61871
62207
62272
62413
62479
62537
62623
62641
62700
62738
62807
62860
62975
63168
63242
63367
63443
63566
63744
63840
63944
64100
64173
64188
64216
64224
64252
64271
64396
64429
64633
64866
64882
65125
65140
65270
65727
65793
65899
65938
66131
66145
66161
66199
66202
66311
66333
66423
66618
66717
66813
66822
66939
66942
67051
67094
67140
67208
67229
67435
67463
67503
67527
67538
67561
67695
67710
67745
67871
67975
68416
68546
68571
68583
68659
68661
68668
68741
69054
69058
69151
69224
69380
69511
69573
69619
69659
69832
69859
69912
70222
70252
70604
70652
70800
70926
70998
71002
71317
71373
71474
71777
71907
71967
72022
72041
72153
72176
72338
72560
72582
72974
73141
73218
73394
73503
73645
73735
74215
74364
74379
74584
74667
74745
74838
74853
75138
75383
75465
75601
75704
75870
76622
76649
76747
76880
76893
76974
77008
77068
77146
77212
77272
77654
78040
78162
78248
78426
78498
78577
78625
78710
78859
78985
79009
79122
79136
79186
79211
79254
79293
79540
79596
79842
79849
79983
80298
80516
80601
80673
80932
81147
81304
81362
81369
81600
81671
81726
82001
82134
82291
82311
82322
82334
82444
82500
82577
82577
82624
82742
82864
82902
82930
83271
83346
83391
83429
83883
83904
84067
84154
84348
84358
84476
84549
84667
84762
84792
84829
84895
85038
85151
85234
85370
85494
85557
85638
85686
85924
85930
86026
86085
86314
86406
86474
86527
86546
86722
86844
86878
86909
86928
86949
87001
87058
87385
87504
87571
87727
88031
88172
88294
88397
88478
88482
88502
88504
88505
88591
88704
88784
88975
89163
89177
89597
89621
89748
89827
89897
90050
90110
90165
90200
90218
90219
90477
90564
90676
90850
90852
91012
91029
91088
91136
91144
91199
91279
91487
91682
91807
91839
91900
92023
92043
92059
92210
92232
92313
92554
92578
92652
92679
92702
92704
92853
93232
93337
93730
93772
94099
94140
94192
94281
94283
94505
94569
94581
94593
94784
95080
95145
95321
95371
95468
95502
95535
95566
95664
95677
95769
95774
95796
95806
95838
95949
95950
96008
96141
96175
96282
96355
96461
96540
96649
96690
96938
96975
97014
97036
97122
97356
97481
97512
97633
97749
97986
98106
98271
98375
98405
98582
98644
98712
98745
98800
98807
98875
98935
98975
99134
99183
99253
99516
99587
99677
99698
99731
99750
99754
99805
99820
99892
99927
99967
99983
100056
100190
100242
100436
100678
100889
101083
101087
101106
101113
101167
101240
101354
101586
101732
101781
101906
101947
101949
101969
102446
103487
103612
103771
103931
103932
103961
104054
104113
104211
104493
104578
104762
104789
104849
104867
104909
104932
104967
104984
105024
105350
105639
105739
105748
105782
105987
106049
106134
106142
106239
106337
106371
106534
106615
106647
106689
107144
107260
107272
107351
107558
107649
107707
107804
107810
107884
108079
108191
108218
108243
108287
108583
109219
109392
109567
109869
109952
109973
110030
110296
110298
110305
110407
110523
110619
110634
110859
110860
111077
111138
111173
111421
111432
111474
111498
111562
111582
111611
111638
111704
111718
111778
112025
112327
112346
112484
112571
112622
112632
112781
112794
112804
112816
112957
112984
113026
113300
113353
113425
113442
113460
113569
113583
113807
113952
114005
114008
114011
114013
114131
114142
114424
114455
114560
114603
114609
114625
114751
114816
114871
115056
115187
115246
115298
115648
115784
115787
115869
115889
115950
116280
116774
116870
117090
117294
117373
117407
117486
117490
117532
117570
117804
118031
118280
118295
118480
118634
118755
118788
118983
118996
119277
119345
119612
119662
119732
119836
119870
119940
120229
120341
120468
120512
120557
120783
121119
121207
121234
121349
121355
121359
121379
121418
121465
121534
121544
121707
121718
121723
121741
121838
121867
121925
121930
121940
121966
122051
122267
122325
122409
122443
122552
122643
122776
123275
123323
123326
123424
123478
123544
123729
123779
123826
123845
123974
124124
124245
124438
124479
124506
124554
124567
124637
124739
124845
124898
125041
125072
125144
125209
125410
125432
125534
125557
125570
125622
125651
125811
125849
125905
126118
126199
126242
126317
126393
126401
126458
126591
126806
127082
127099
127141
127286
127301
127369
127644
127726
127811
127823
127892
127977
128234
128268
128430
128501
128552
128769
128840
128927
129092
129099
129134
129134
129284
129437
129473
129529
129845
129973
129976
130072
130171
130378
130528
130717
130720
130734
130864
130874
130965
131066
131689
131718
131822
132013
132022
132056
132237
132252
132547
132558
132667
132816
133005
133011
133053
133249
133424
133463
133602
133618
133737
133744
133782
134178
134211
134220
134246
134274
134456
134535
134586
134640
134689
134930
135017
135189
135410
135546
135570
135823
135922
136073
136199
136220
136418
136465
136486
136522
136623
136684
136752
136841
136934
137145
137574
137583
137623
137927
138172
138227
138434
138570
138775
138796
138801
138806
138915
139057
139286
139359
139376
139516
139653
139702
139763
139841
139914
140013
140066
140079
140137
140165
140395
140731
140773
140892
140943
141040
141140
141375
141706
141863
141980
142057
142161
142229
142744
142771
142850
142903
143209
143537
143643
143820
143854
143908
143967
144054
144074
144222
144252
144318
144330
144394
144573
144631
145368
145389
145571
145573
145598
145671
145837
145972
145982
146088
146113
146236
146299
146492
146578
146684
146758
146900
146941
146946
147119
147147
147395
147416
147474
147479
147479
147684
147742
147761
147783
147997
148091
148188
148348
148351
148433
148472
148586
148645
148800
149205
149208
149217
149362
149370
149707
149921
150072
150122
150158
150176
150261
150324
150362
150383
150531
150868
150921
150972
151131
151135
151303
151441
151541
152008
152051
152261
152305
152488
152531
152556
152719
152869
152932
153014
153242
153381
153459
153737
153801
153904
153927
153961
154073
154098
154153
154210
154312
154344
154451
154506
154593
154596
154865
154870
154888
154961
155067
155094
155178
155203
155262
155340
155697
155797
155835
155863
156003
156011
156096
156236
156262
156376
156385
156413
156631
156656
156723
156761
156997
157054
157102
157105
157157
157292
157300
157300
157343
157378
157411
157462
157569
157656
157708
157880
157937
157948
158020
158034
158069
158227
158239
158245
158258
158641
158654
158899
158931
159094
159446
159750
159786
159793
159821
159905
160014
160052
160099
160184
160402
160533
160542
160584
160630
160860
160897
160965
161022
161442
161445
161509
161612
161766
161892
161974
162287
162407
162515
162670
162698
162722
162726
162972
163020
163076
163176
163218
163220
163223
163235
163316
163333
163417
163457
163485
163488
163511
163558
163728
163863
163978
164214
164225
164283
164349
164355
164401
164457
164715
164773
164821
164823
164935
164961
165007
165071
165716
165742
165767
165870
165918
165990
166069
166110
166226
166270
166364
166395
166403
166431
166688
166726
166820
166933
167043
167114
167122
167134
167314
167386
167424
167543
167607
167610
167647
167695
167708
167709
167739
167875
167998
168140
168234
168309
168332
168421
168498
168541
168745
168869
168925
169012
169028
169168
169281
169357
169402
169416
169626
169920
169923
169936
170015
170167
170208
170222
170390
170395
170556
170560
170602
170608
170628
170782
170871
170958
171133
171222
171237
171271
171507
171730
171770
172056
172073
172375
172415
172473
172544
172660
172871
172902
172948
173004
173045
173140
173145
173169
173471
173531
173545
173550
173695
173697
173922
173989
174095
174318
174363
174397
174487
174687
174707
174727
174800
174829
174925
174942
174997
175027
175121
175360
175369
175482
175492
175652
175664
175736
175853
176264
176348
176394
176445
176539
176776
176779
176790
176820
176983
177058
177084
177131
177166
177291
177305
177336
177695
177749
177961
177997
178143
178190
178258
178304
178355
178552
178557
178868
178931
179026
179054
179094
179260
179329
179443
179586
179609
179877
180073
180078
180274
180363
180573
180581
180599
180682
180730
180797
181198
181477
181578
181601
181853
181854
182019
182137
182315
182394
182412
182457
182474
182604
182770
182813
182867
183199
183287
183384
183394
183456
183494
183508
183517
183628
183633
183733
183927
183995
184005
184033
184065
184267
184336
184423
184678
184776
184828
184845
184846
184854
184877
185180
185402
185692
185725
185825
185868
185912
186109
186226
186247
186505
186678
186704
186768
186776
186986
187004
187144
187209
187360
187423
187508
187546
187582
187636
187700
187790
187960
188187
188248
188354
188358
188586
188664
188720
189271
189702
189797
189827
189854
189899
189907
190084
190181
190305
190400
190486
190688
190897
191287
191295
191505
191739
191749
191805
191916
191994
192036
192103
192125
192169
192243
192402
192452
192460
192641
192665
192751
192867
192903
192937
193148
193249
193351
193384
193461
193478
193563
193579
193711
193890
193941
194033
194231
194315
194582
194589
194603
195105
195135
195433
195545
195598
195649
195663
195700
195848
195865
196056
196112
196359
196496
196538
196540
196542
196694
196707
196719
196751
196923
197111
197188
197288
197310
197311
197455
197526
197795
197798
197930
198019
198028
198216
198242
198276
198310
198326
198490
198504
198573
198615
198775
198872
198984
199101
199264
199291
199311
199349
199378
199521
199758
200006
200192
200217
200247
200517
200520
200649
201081
201170
201411
201643
201668
201686
201777
201781
201879
201901
202029
202200
202532
202711
202811
202861
202868
202891
202951
202973
203072
203197
203311
203363
203423
203596
203658
203714
203745
203991
204033
204282
204293
204388
204441
204659
204739
204888
204939
205022
205338
205543
205548
205833
205860
205872
206057
206262
206320
206730
206826
206839
206897
207403
207542
207737
207755
207858
208169
208179
208261
208305
208407
208421
208431
208460
208632
208683
208828
208840
208843
209084
209173
209205
209206
209298
209303
209370
209402
209500
209630
209704
209870
210026
210161
210316
210436
210707
210730
210772
210800
210842
211102
211124
211241
211486
211550
211593
211606
211808
211816
211970
212378
212401
212588
212645
212787
212822
212902
213098
213140
213285
213369
213436
213762
214036
214082
214393
214502
214637
214898
214936
215118
215183
215200
215240
215286
215331
215510
215638
215659
215825
216099
216108
216255
216394
216530
216564
216564
216665
216675
216771
216859
217108
217276
217348
217382
217421
217433
217517
217601
217648
217807
218010
218029
218031
218101
218250
218275
218301
218416
218477
218635
218655
218763
218868
219144
219181
219214
219239
219330
219626
219638
219726
220005
220250
220308
220316
220481
220519
220544
220572
220591
220633
220818
221026
221029
221084
221146
221260
221397
221418
221536
221561
221587
221627
221659
221835
221872
221948
221948
222063
222089
222428
222501
222584
222647
222695
222737
223060
223086
223233
223272
223282
223289
223312
223501
223573
223980
224019
224189
224277
224395
224412
224500
224789
224946
224976
225044
225096
225158
225329
225606
225671
225771
225814
225981
226267
226456
226590
226611
226774
227014
227022
227180
227316
227473
227579
227664
227722
227885
228012
228107
228143
228153
228272
228451
228467
228537
228544
228649
228665
228666
228785
228931
229389
229391
229398
229447
229469
229491
229518
229552
229742
229774
229775
229869
229911
229962
230159
230416
230513
230591
230670
230876
230901
230946
230989
231086
231217
231300
231317
231398
231429
231448
231464
231651
231748
231777
231824
231857
231962
231993
232026
232103
232111
232331
232438
232448
232488
232733
232748
232811
232813
232841
232890
232929
232940
233012
233073
233084
233087
233095
233155
233378
233534
233676
233893
233917
233965
233991
234063
234135
234168
234223
234478
234511
234753
234892
234967
235037
235141
235251
235485
235868
236189
236370
236448
236482
236517
236596
236624
236741
237485
237506
237566
237606
237741
237823
238102
238185
238325
238401
238421
238446
238562
238597
238626
238725
238729
238736
238942
238971
239066
239132
239175
239211
239234
239252
239265
239475
239575
239644
239685
239821
239933
240014
240214
240224
240247
240382
240431
240442
240618
240649
240677
240706
240907
241011
241028
241072
241077
241465
241648
241779
241875
241987
241998
242249
242323
242348
242501
242604
242619
242741
242926
242983
243172
243281
243288
243372
243390
243422
243475
243525
243556
243780
243803
243913
243940
244077
244080
244343
244656
244729
244773
244828
244845
244847
245144
245152
245245
245270
245384
245497
245580
245656
245665
245721
245744
245783
246281
246738
246740
246753
246808
246809
246848
247079
247184
247195
247201
247278
247306
247371
247573
247597
247718
247774
247797
247800
247826
247937
248057
248097
248449
248588
248607
248612
248770
248869
248942
248947
249169
249305
249324
249379
249383
249436
249498
249717
249961
250021
250388
250672
250716
250900
251075
251135
251443
251457
251601
251736
251802
251920
252183
252194
252276
252427
252638
252896
252976
253056
253153
253291
253305
253333
253393
253441
253552
253766
253792
253840
253955
254044
254052
254088
254140
254187
254296
254332
254479
254535
254605
254768
254858
254963
254987
255194
255363
255392
255448
255674
255891
255925
255997
256116
256143
256257
256350
256438
256577
256690
256780
256852
256953
257021
257060
257118
257175
257270
257414
257746
257748
257775
257809
257834
257866
257898
257985
258025
258076
258086
258141
258243
258379
258447
258579
258646
258752
259068
259197
259267
259482
259670
259775
259882
260258
260290
260356
260946
260983
260995
261095
261249
261348
261362
261407
261424
261465
261793
261906
262064
262162
262237
262298
262440
262528
262717
262825
263036
263259
263286
263416
263483
263485
263561
263739
263824
263856
263884
263973
263982
264110
264123
264158
264235
264235
264289
264422
264487
264683
264762
264796
264897
264921
264969
264987
265262
265262
265329
265535
265688
265784
265797
265869
265968
266178
266185
266539
266570
266949
266996
267032
267062
267065
267087
267153
267298
267405
267529
267657
267724
267725
267727
267920
268011
268021
268159
268209
268412
268486
268616
268635
268705
268867
268903
269074
269187
269214
269220
269370
269405
269459
269549
269606
269702
269716
269765
269777
269815
269914
270042
270119
270522
270613
270972
271102
271288
271429
271440
271690
271704
271796
271854
272144
272339
272537
272542
272593
272639
272764
272884
272935
273118
273225
273422
273474
273529
273553
273591
273678
273748
273780
274163
274173
274330
274345
274526
274605
274661
274663
274774
274794
274939
275257
275322
275367
275435
275566
276115
276246
276283
276379
276404
276472
276638
276691
276984
277071
277106
277169
277214
277300
277469
277591
277640
277766
277987
278035
278089
278105
278113
278214
278260
278290
278342
278464
278892
279080
279148
279200
279242
279281
279405
279497
279514
279683
279935
279939
280026
280028
280223
280294
280341
280402
280427
280752
280768
280930
280946
281008
281073
281109
281124
281223
281395
281606
281643
281679
281800
281896
281968
281997
282027
282473
282562
282580
282607
282751
282811
282822
282970
282972
283250
283255
283281
283394
283610
283650
283707
284183
284201
284377
284386
284395
284399
284603
284774
285039
285084
285357
285381
285480
285568
285569
285635
285732
285749
285756
285814
285890
285964
286110
286329
286425
286582
286682
286706
286751
286851
286993
287233
287287
287561
287618
287778
287883
287942
288038
288124
288188
288245
288291
288301
288335
288404
288420
288503
288651
288656
288717
288733
288915
288930
289092
289128
289149
289258
289288
290034
290079
290165
290294
290300
290311
290536
290608
290686
290764
290883
290934
290943
291045
291198
291219
291317
291484
291501
291535
291846
292040
292182
292250
292269
292339
292360
292459
292579
292601
292655
292746
292790
293068
293069
293080
293165
293219
293358
293407
293478
293708
294053
294248
294252
294264
294344
294370
294445
294462
294683
294877
295279
295292
295340
295529
295636
295733
296285
296426
296443
296694
296918
296928
297034
297093
297170
297188
297202
297256
297257
297340
297500
297563
297733
297747
298028
298047
298386
298502
298673
298729
298899
298945
299102
299115
299147
299290
299340
299353
299366
299433
299438
299450
299727
300100
300114
300132
300267
300270
300590
300700
301034
301081
301251
301330
301469
301766
301816
301837
301869
302071
302074
302112
302126
302129
302297
302462
302526
302604
303029
303041
303181
303187
303290
303434
303613
303678
303973
304036
304085
304100
304172
304186
304236
304318
304414
304463
304561
304636
304643
304746
304749
304771
304950
304991
305000
305123
305165
305239
305258
305277
305355
305399
305443
305493
305629
305651
305711
305737
305767
305800
305838
305929
305972
306034
306058
306122
306216
306453
306478
306672
306703
306823
306829
306912
307068
307187
307196
307578
307713
307896
307985
307992
308052
308090
308154
308435
308612
308689
308721
308873
308897
309002
309329
309348
309518
309532
309583
309681
310010
310053
310066
310103
310112
310150
310160
310225
310399
310475
310538
310723
310817
310960
310990
311468
311519
311965
312066
312177
312253
312440
312456
312480
312516
312631
312870
312871
312935
313044
313139
313212
313308
313508
313620
313641
313673
313789
313794
313993
314049
314076
314187
314302
314304
314483
314507
314772
314900
314994
315183
315480
315483
315487
315521
315574
315598
315656
315717
315731
315752
315834
315836
315871
316111
316268
316532
316552
316582
316774
316917
317022
317066
317446
317585
317655
317741
317780
317799
317865
318054
318102
318114
318132
318211
318385
318449
318725
318887
318998
319109
319297
319371
319473
319583
319635
319717
319886
320015
320034
320051
320179
320398
320469
320492
320953
320955
321045
321092
321218
321262
321273
321482
321594
321686
321715
321772
321800
321964
322076
322117
322137
322408
322440
322747
322871
323123
323295
323323
323468
323495
323749
324184
324381
324478
324553
324902
324927
325078
325550
325561
325634
325734
325820
325956
326146
326166
326236
326261
326266
326367
326397
326464
326465
326563
326654
326746
326784
326854
326896
326944
327120
327261
327478
327632
327647
327851
328054
328185
328271
328781
328867
329018
329043
329124
329131
329173
329247
329254
329929
330175
330325
330346
330441
330459
330532
330567
330593
330652
330743
330770
330992
331145
331388
331536
332031
332045
332116
332182
332268
332272
332337
332386
332432
332623
332843
332909
332952
333075
333162
333193
333266
333295
333465
333749
333848
334126
334142
334501
334791
334829
334857
335090
335442
335463
335674
335798
335846
335853
335998
336176
336197
336372
336434
336698
336738
336981
337024
337069
337131
337183
337312
337319
337376
337483
337536
337575
337619
337763
337863
337877
337906
337917
337981
338349
338364
338406
338488
338815
338893
339203
339417
339529
339580
339596
339600
339667
339685
339708
339855
339932
340068
340276
340364
340529
340954
341159
341278
341367
341499
341967
342003
342210
342264
342325
342362
342464
342619
342638
342641
342731
342838
342931
342950
343035
343165
343172
343347
343392
343632
343802
343811
343852
344148
344163
344340
344611
344806
344858
345162
345171
345208
345226
345591
345616
345650
345688
345856
346047
346049
346118
346118
346173
346175
346529
346752
346878
346939
347043
347066
347196
347399
347806
347853
347913
348237
348394
348647
348756
348866
349226
349467
349633
349948
350333
350566
350567
350589
350650
350737
350885
350995
351116
351166
351275
351351
351385
351419
351590
351611
351775
351851
352086
352422
352422
352543
352622
352670
352714
352731
352835
352889
352892
352912
352953
352959
353057
353085
353094
353445
353754
353877
353931
353943
354018
354082
354090
354105
354188
354313
354360
354461
354524
354610
354738
354754
354821
354850
354875
354962
354996
355096
355170
355330
355353
355395
355433
355617
355673
355763
355847
355903
355994
356234
356258
356526
356597
356628
356696
357141
357217
357335
357599
357720
357726
357816
357851
357919
358003
358206
358348
358427
358776
358882
358901
358979
359112
359201
359433
359455
359499
359684
359688
359784
359818
360018
360039
360183
360214
360240
360271
360291
360322
360339
360391
360601
360633
360802
360895
360937
361012
361099
361468
361520
361529
361571
361825
361878
361909
361958
362026
362090
362172
362335
362576
362819
362893
363055
363066
363278
363560
363563
363884
363893
363948
364024
364063
364280
364478
364528
364553
364596
364684
364715
364874
365112
365266
365391
365438
365480
365571
365760
365875
365947
365965
366014
366050
366133
366205
366208
366222
366250
366285
366539
366601
366753
366876
366934
367051
367064
367125
367290
367773
367781
367801
367854
367936
367941
368043
368110
368114
368138
368317
368318
368320
368337
368495
368540
368769
368880
368929
369142
369579
369585
369611
369701
369814
369873
370041
370057
370100
370115
370133
370230
370414
370646
370728
370946
371157
371175
371233
371477
371626
371671
371725
371797
371919
372043
372045
372191
372198
372776
372906
372934
373020
373044
373059
373112
373407
373461
373517
373573
373630
374002
374082
374223
374237
374599
374725
374737
374866
375020
375168
375423
375553
375614
375708
375734
375973
375982
376003
376006
376192
376233
376326
376550
376716
376721
376777
376983
376985
377082
377247
377268
377522
377532
377533
377557
377704
377713
377777
377790
377904
378106
378125
378132
378246
378333
378455
378670
378886
379111
379156
379223
379231
379412
379532
379639
379767
379818
379847
379851
379877
379971
379973
380222
380245
380375
380442
380832
380847
380973
381013
381239
381332
381439
381488
381552
381592
381600
381742
381754
381761
381779
381790
381986
382096
382214
382386
382470
382522
382614
382773
382791
382795
382833
383146
383332
383444
383458
383505
383705
383716
383785
383863
383916
384033
384250
384335
384431
384459
384514
384621
384663
384701
384708
384875
385166
385203
385214
385489
385540
385599
385638
385651
385755
385810
385844
385978
386009
386097
386235
386260
386280
386334
386445
386542
386576
386620
386706
386809
386836
386935
387057
387070
387095
387150
387202
387294
387540
387616
387660
387715
387885
388003
388056
388125
388372
388552
388597
388600
388696
388780
388830
388838
388889
388903
389001
389006
389517
389572
389740
389768
389886
389909
389923
390030
390066
390112
390244
390382
390479
390542
390588
390621
390666
390792
390882
391174
391236
391240
391333
391438
391551
391582
391685
391719
391745
391761
391820
391999
392026
392147
392621
392788
392842
392868
392997
393249
393325
393389
393753
394151
394368
394643
394737
394805
394895
394933
394939
394967
394973
395045
395128
395172
395251
395340
395391
395442
395487
395559
395710
395804
395950
395960
395964
395970
396078
396098
396125
396189
396191
396193
396275
396284
396288
396321
396469
396553
396579
396602
396666
396711
396732
396784
396900
397024
397064
397065
397207
397276
397278
397477
397716
397776
397799
397938
397954
398160
398268
398278
398305
398381
398475
398485
398523
398545
398588
398851
399020
399128
399346
399409
399453
399726
399840
400075
400414
400462
400625
400630
400891
400916
401024
401064
401174
401282
401484
401624
401724
401888
401977
402172
402232
402319
402415
402504
402523
402647
402696
402775
402816
402830
402867
402897
403134
403209
403546
403628
403675
403789
403866
403891
403953
403999
404016
404099
404157
404223
404290
404532
404549
404582
404661
404672
404935
404946
404971
404997
405296
405383
405523
405886
406069
406399
406557
406697
406845
406867
406868
406870
406894
406898
407009
407043
407149
407173
407295
407719
407761
407921
408209
408218
408247
408279
408283
408312
408317
408478
408482
408505
408654
408803
408878
408947
409057
409064
409593
409870
410004
410195
410307
410367
410470
410473
410507
410537
410542
410543
410576
410604
410657
410886
410911
410920
410930
410994
411011
411133
411266
411271
411630
411657
411947
412032
412280
412342
412884
413081
413107
413390
413427
413437
413451
413558
413895
414002
414037
414062
414114
414178
414340
414346
414374
414641
414657
414923
414972
415169
415187
415225
415292
415452
415657
415761
415764
415789
415918
415996
416053
416274
416281
416359
416751
416945
416956
417028
417042
417398
417407
417554
417590
417858
417933
418044
418230
418353
418368
418472
418525
418591
418737
418744
418858
419017
419261
419596
419648
419735
420056
420183
420205
420218
420233
420319
420357
420467
420479
420501
420546
420722
421118
421157
421232
421237
421340
421468
421493
421496
421572
421717
421990
422399
422417
422473
422669
422756
422825
422915
422977
423022
423068
423159
423181
423473
423646
423647
423718
423770
423851
423855
424040
424241
424362
424467
424565
424585
424594
424636
424763
424975
424976
425063
425072
425139
425276
425412
425480
425677
425699
425896
426029
426357
426532
426834
426842
427130
427355
427405
427520
427537
427642
427756
427960
428024
428190
428440
428821
428898
428939
428982
429039
429204
429261
429357
429433
429469
429497
429513
429531
429796
429821
429928
429970
430186
430198
430220
430701
430771
430829
431006
431202
431276
431423
431431
431503
431527
431630
431676
431704
431982
431993
432137
432158
432214
432357
432536
432645
432730
432811
432941
432989
433079
433352
433437
433511
433606
433644
433756
433770
433937
434013
434039
434061
434362
434368
434368
434441
434598
434713
434755
434756
434861
434919
435092
435287
435335
435375
435535
435784
435858
435891
435963
435969
436125
436145
436161
436288
436406
436484
436596
436754
436758
436796
436944
436987
437281
437458
437499
437795
437925
437987
438099
438231
438351
438387
438448
438500
438612
438698
438759
438827
439025
439092
439179
439223
439233
439259
439316
439446
439713
440014
440554
440661
440852
440936
440979
441298
441535
441742
441922
441960
442064
442163
442257
442333
442339
442366
442382
442472
442616
442664
442672
442706
442708
442847
442961
443368
443448
443448
443593
443694
443837
443838
443905
444096
444114
444116
444119
444293
444305
444497
444592
444673
444730
444798
444844
444850
445012
445035
445227
445700
445773
445818
445910
445982
446136
446148
446346
446404
446499
446500
446565
446599
446667
446686
446912
446921
446957
447101
447191
447262
447262
447301
447324
447420
447502
447609
447758
447877
448031
448040
448163
448215
448354
448398
448568
448573
448824
449017
449045
449366
449369
449446
449576
449689
449816
449817
449908
449965
449985
450060
450356
450540
450648
450649
450651
450671
450692
450710
451184
451434
451451
451543
451583
451636
452015
452021
452072
452073
452612
452677
452678
452692
452719
452747
452790
452804
452857
452913
453067
453164
453230
453276
453399
453543
453621
453814
454048
454165
454242
454367
454371
454389
454632
454680
454900
454987
455029
455135
455522
455603
455678
455774
456113
456141
456288
456519
456588
456600
456630
456728
456831
456860
457039
457043
457147
457158
457424
457424
457545
457550
457672
457950
458151
458154
458463
458497
458537
458654
458854
458960
458989
459194
459264
459352
459398
459478
459482
459586
459734
459762
459844
459957
460008
460015
460072
460109
460308
460404
460561
460625
460731
460774
460838
460986
460997
461310
461401
461427
461471
461478
461501
461703
461719
461725
461784
461815
461908
461972
462216
462250
462498
462706
462759
462880
463046
463076
463172
463227
463228
463241
463359
463398
463399
463477
463493
463527
463683
464024
464030
464132
464183
464294
464454
464511
464550
464574
464645
464696
464781
464784
464811
464965
464988
465020
465145
465175
465266
465280
465312
465333
465539
465706
465707
465811
466180
466207
466233
466283
466350
466377
466415
466487
466507
466735
466999
467006
467052
467066
467415
467452
467458
467608
467609
467737
467753
467764
467806
467848
467966
467970
467989
468050
468217
468255
468292
468305
468332
468489
468549
468584
468625
468777
468808
468951
469100
469203
469310
469351
469525
469651
469775
469779
469895
469906
469913
470074
470207
470279
470316
470488
470494
470651
470699
470768
470843
470956
471246
471338
471349
471357
471394
471443
471498
471527
471556
471629
471671
471689
471917
471974
472045
472051
472126
472224
472347
472448
472649
472900
472943
472967
472984
473009
473030
473045
473087
473118
473134
473230
473452
473504
473616
473699
473704
473757
473808
473820
473853
473887
473893
473901
474328
474351
474452
474483
474485
474555
474566
474596
474632
474806
474830
474858
474880
474897
474928
475036
475049
475155
475502
475511
475524
475594
475848
475932
476031
476052
476115
476282
476415
476434
476437
476490
476526
476562
476757
476890
476895
476953
477047
477047
477281
477398
477437
477458
477474
477557
477679
477693
477726
477770
477799
477845
477850
477997
478025
478033
478038
478072
478080
478150
478218
478429
478490
478544
478576
478594
478709
478792
478902
478979
479314
479331
479393
479450
479504
479604
479673
479948
480283
480523
480684
480737
480799
480856
480858
480914
481106
481325
481347
481366
481375
481399
481408
481434
481597
481695
481715
481768
481838
482385
482450
482503
482585
482762
483169
483173
483321
483398
483500
483509
483511
483522
483693
483898
483975
484168
484188
484451
484558
484605
484620
484852
484951
484978
485062
485180
485326
485335
485462
486171
486555
486579
486749
487035
487137
487343
487378
487490
487530
487717
487735
487755
487853
488020
488136
488180
488183
488251
488356
488475
488692
488947
489075
489342
489425
489511
489816
489901
489915
490210
490476
490479
490732
490736
490792
490970
490972
490973
491216
491289
491301
491316
491417
491430
491543
491599
491617
491658
491768
491812
491880
491884
491990
492003
492178
492183
492278
492299
492443
492873
492982
493198
493269
493282
493296
493333
493488
493526
493669
493674
493782
493861
493909
494009
494375
494446
494503
494541
494640
494696
494754
494809
494981
495099
495101
495629
495767
495821
495879
495997
496042
496051
496088
496131
496141
496483
496493
496535
496619
496802
496834
496879
497009
497052
497074
497075
497124
497425
497430
497486
497617
497749
497830
497832
497915
498013
498016
498096
498155
498224
498554
498624
498673
498884
499076
499134
499137
499147
499150
499180
499262
499325
499373
499408
499424
499543
499578
499632
499689
499769
499809
499874
499892
499919
499927
500140
500242
500360
500383
500458
500665
500707
500781
500864
501035
501046
501064
501171
501226
501469
501556
501650
501768
501886
502041
502115
502310
502382
502488
502579
502583
502623
503038
503041
503080
503109
503169
503222
503285
503291
503532
503711
503813
503879
503946
504066
504137
504326
504442
504702
504711
504731
504740
504917
504972
505215
505228
505278
505285
505286
505558
505638
505778
505820
505892
505969
506125
506134
506567
506669
506672
506680
506722
506767
506837
506886
506985
507043
507073
507077
507089
507235
507313
507333
507485
507509
507637
507729
507767
507801
507917
508041
508249
508370
508407
508466
508517
508692
508934
509171
509192
509242
509497
509572
509581
509820
509831
510093
510114
510417
510498
510585
510645
510746
510822
510898
510973
511172
511269
511326
511339
511341
511353
511678
511766
511770
511996
512073
512144
512337
512405
512416
512470
512480
512558
512849
512859
512874
512925
513131
513178
513204
513340
513373
513404
513470
513478
513511
513756
513778
513831
513884
513955
514047
514082
514459
514486
514932
515022
515126
515277
515447
515495
515514
515814
516027
516108
516111
516226
516287
516316
516466
516495
516544
516570
516865
516958
517025
517194
517306
517342
517374
517417
517418
517465
517525
517558
517563
517650
517993
518119
518151
518213
518228
518339
518379
518403
518417
518661
518678
518757
518791
518864
518928
518957
519002
519369
519652
519695
519759
519777
520037
520196
520200
520223
520290
520340
520445
520574
520618
520780
520853
520909
520965
521099
521184
521229
521330
521466
521610
521904
522026
522121
522203
522212
522314
522437
522469
522608
522811
522912
522928
522965
523395
523399
523693
523695
523862
523974
524065
524078
524103
524198
524220
524514
524515
524552
524655
524678
524739
524752
524919
525307
525325
525365
525438
525540
525563
525567
525617
525795
525817
525822
525952
526476
526551
526777
526788
526855
527075
527138
527272
527387
527468
527651
527698
527884
527971
528000
528242
528451
528809
528823
528854
528889
528907
528911
528912
529053
529248
529302
529617
529659
529716
529792
529808
530135
530170
530187
530348
530476
530483
530568
530603
530622
530702
530733
530758
530807
530995
531044
531148
531170
531185
531201
531275
531291
531365
531586
531651
531691
531706
531852
531868
531972
532115
532269
532527
532565
532587
532857
532936
533064
533127
533389
533537
533696
533737
533795
533887
533941
534142
534244
534253
534275
534354
534365
534411
534440
534454
534499
534506
534638
534643
534776
534958
535164
535272
535467
535515
535571
535574
535767
535893
536029
536245
536421
536520
536623
536654
536686
536851
536974
537074
537129
537180
537185
537283
537467
537542
537629
537765
537883
537892
538001
538025
538186
538230
538232
538286
538421
538509
538771
538866
539148
539301
539413
539534
539577
539626
539828
539913
539993
540081
540095
540239
540269
540439
540476
540476
540505
540517
540603
540670
540733
540970
540986
541173
541266
541371
541433
541507
541644
541727
542074
542080
542121
542139
542235
542314
542491
542506
542521
542541
542674
542683
542809
542847
542862
542977
543068
543072
543083
543469
543578
543579
543744
544019
544143
544287
544428
544498
544673
544728
544823
544899
545014
545053
545120
545207
545300
545319
545434
545453
545465
545484
545574
545893
545910
545970
546194
546198
546354
546428
546464
547078
547201
547263
547427
547434
547466
547520
547535
547663
547674
547737
547787
547788
547888
548009
548041
548125
548141
548192
548209
548323
548439
548659
548745
548966
549041
549260
549388
549459
549502
549930
549978
550272
550291
550620
550647
550727
550768
550918
551122
551279
551734
551786
551855
551898
551901
551907
551907
551922
551978
552181
552260
552323
552324
552347
552393
552426
552501
552533
552620
552650
553105
553422
553594
553723
553842
554330
554377
554386
554510
554515
554714
554816
554870
554889
554935
555030
555124
555176
555234
555377
555645
555738
555937
555976
556344
556455
556485
556531
556564
556742
556765
556773
557107
557129
557139
557183
557300
557373
557859
557919
557977
557983
557987
558275
558304
558709
558821
558852
559073
559467
559621
559629
559689
560024
560048
560075
560106
560448
560449
560676
560705
560772
560832
561248
561933
561985
562388
562472
562492
562508
562582
562710
562730
562812
562851
562884
562924
562987
563078
563349
563490
563608
563645
563708
563849
563864
563918
563987
564315
564398
564660
564663
564714
564786
564879
564907
564920
565132
565135
565135
565199
565237
565530
565548
565582
565614
565644
565702
565786
565832
566267
566276
566296
566323
566464
566562
566684
566704
566830
566927
567103
567126
567139
567325
567385
567396
567412
567551
567601
567601
567854
568166
568368
568496
568500
568562
568563
568717
568804
568880
568988
568995
569031
569147
569152
569205
569266
569288
569315
569341
569414
569480
569538
569631
569878
570052
570141
570253
570260
570268
570271
570380
570499
570685
570887
570960
570967
570982
571459
571527
571640
571791
571821
571906
572123
572146
572153
572160
572161
572402
572432
572897
572977
573147
573189
573260
573364
573368
573374
573424
573884
573969
574073
574223
574395
574469
574521
574523
574581
574632
574682
574740
574790
574807
574921
575052
575060
575117
575259
575418
575486
575603
575727
575797
575969
576007
576029
576059
576089
576314
576436
576520
576523
576538
576592
576638
576659
576713
576934
576991
577096
577106
577153
577172
577204
577357
577450
577510
577542
577546
577679
577787
577818
577834
577905
577918
578037
578092
578309
578351
578491
578516
578581
578704
578748
578972
579067
579223
579370
579418
579509
579648
579851
579921
579994
580072
580232
580235
580352
580568
580630
580746
580766
580847
580866
580936
580980
581015
581211
581248
581330
581434
581445
581583
581681
581745
581839
582051
582214
582273
582494
582553
582675
582894
583132
583145
583171
583346
583401
583476
583530
583725
583808
583901
583927
584137
584263
584281
584442
584572
584938
584959
584990
584997
585003
585088
585140
585272
585558
585647
585708
585767
585896
585969
586364
586396
586664
586733
586762
586799
586871
587333
587341
587376
587420
587450
587483
587596
587600
587899
587993
588148
588336
588440
588511
588596
588615
588649
588709
588723
588802
588804
588891
588922
589049
589074
589247
589269
589646
589681
589681
590094
590251
590297
590569
590638
590760
590816
590851
590880
590973
591072
591300
591627
591654
591780
591822
591914
592092
592214
592250
592298
592484
592517
592540
592657
592685
592780
592789
592828
592832
593103
593119
593251
593396
593564
593629
593658
593850
593856
593921
594007
594412
594467
594957
595180
595211
595460
595489
595512
595607
595824
595910
595946
596102
596163
596262
596306
596350
596353
596397
596496
596506
596861
596948
596957
597038
597094
597163
597370
597386
597514
597524
597619
597658
597668
597889
597959
598105
598203
598349
598396
598439
598443
598569
598611
598616
598766
598978
599122
599270
599276
599290
599418
599563
599631
599674
599936
600166
600200
600392
600652
600659
600718
600734
600949
600952
600974
601090
601100
601131
601159
601170
601561
601638
601649
601746
601791
601916
601922
601959
602136
602218
602242
602325
602428
602446
602621
602728
602892
603047
603301
603369
603453
603805
603836
603860
604089
604208
604224
604383
604392
604405
604420
604566
604635
604671
604707
604746
604752
604903
605009
605171
605209
605349
605376
605513
605543
605755
605773
605801
605822
606012
606019
606306
606351
606434
606878
606950
607224
607383
607525
607530
607579
607730
607967
608330
608514
608602
608930
609033
609138
609160
609170
609241
609295
609442
609477
609697
610027
610091
610106
610240
610255
610302
610353
610383
610477
610478
610481
610485
610486
610588
610633
610657
610702
610723
610775
610938
610939
611150
611236
611286
611387
611666
611680
611681
611686
611745
611789
611822
611876
611955
611985
611988
612071
612080
612083
612136
612152
612231
612280
612282
612362
612555
612586
612607
612747
612859
612914
612987
613136
613226
613286
613465
613494
613827
613829
613943
614063
614152
614236
614243
614377
614469
614585
614861
614983
615012
615301
615318
615369
615376
615577
615802
615812
615833
615860
615873
615883
615891
616030
616100
616106
616132
616151
616372
616428
616717
616755
616815
616885
616983
617074
617148
617235
617253
617346
617359
617426
617547
617697
617714
617736
617755
617806
617902
617903
617946
617987
618021
618022
618222
618335
618457
618543
618650
618723
618789
618959
619075
619219
619259
619299
619372
619478
619810
619865
619878
620002
620219
620396
620410
620413
620436
620588
620724
620784
620835
620889
620960
621130
621476
621600
621875
621931
622117
622878
623192
623215
623252
623289
623502
623507
623544
623608
623653
623945
623969
623991
624265
624289
624318
624416
624525
624582
624688
625054
625181
625188
625317
625481
625558
625694
625750
625771
625781
625863
625959
626176
626341
626434
626525
626552
626629
626670
626685
626685
626696
626785
626970
627001
627048
627361
627428
627507
627695
627739
627763
627812
628098
628421
628473
628556
628639
628724
628862
628896
628921
629081
629133
629181
629400
629531
629817
629832
629935
629937
630047
630060
630151
630313
630324
630554
630563
630617
630654
630697
630932
631337
631370
631397
631403
631441
631546
631547
631554
631578
631664
631723
631902
632011
632156
632207
632263
632538
632552
632697
632915
632951
633016
633149
633168
633244
633456
633550
633783
633812
633813
633955
634319
634496
634536
634606
634703
634759
634760
634819
634954
634981
635056
635311
635639
635699
635829
635847
635853
635941
636060
636081
636139
636154
636166
636241
636244
636267
636474
636517
637336
637397
637420
637556
637692
637906
638056
638187
638449
638487
638499
638643
638715
638788
638813
638866
639150
639176
639357
639478
639536
639683
639821
639834
639900
639940
639946
640222
640263
640301
640420
640529
640552
640613
640956
641198
641221
641224
641301
641347
641370
641417
641420
641447
641473
641541
641603
641682
641707
641804
641859
641881
641983
642186
642450
642452
642454
642544
642565
642630
642662
642842
643019
643122
643200
643211
643427
643501
643806
643856
643860
643975
644240
644261
644386
644393
644416
644439
644468
644584
644698
644761
645065
645091
645131
645170
645220
645309
645325
645331
645433
645436
645556
645674
645844
645871
646087
646125
646127
646174
646391
646552
646669
646839
646844
646972
647016
647019
647181
647372
647465
647680
647708
647782
647794
647869
647898
647924
647938
647978
648093
648102
648834
649007
649067
649072
649201
649528
649562
649750
649785
649847
649868
650138
650311
650378
650580
650772
650859
650926
650938
651078
651102
651118
651119
651193
651377
651919
651961
652021
652068
652113
652237
652301
652364
652402
652407
652430
652540
652609
652696
652772
652846
652879
652914
652995
653328
653452
653500
653540
653599
653840
653985
654093
654195
654360
654371
654389
654576
654577
654615
654789
654796
654961
655202
655367
655519
655523
655527
655536
655541
655600
655668
655746
655945
655952
656039
656058
656081
656134
656150
656171
656183
656281
656292
656370
656400
656423
656432
656447
656907
656985
657505
657866
657887
657956
658113
658187
658234
658251
658300
658517
658587
659039
659180
659303
659311
659495
659752
659878
659959
660082
660135
660210
660317
660425
660469
660487
660690
660783
660858
660888
661016
661038
661092
661149
661182
661233
661245
661272
661332
661563
661594
661689
661694
661765
661812
661830
661904
662180
662197
662320
662357
662360
662556
662587
663043
663058
663104
663116
663244
663258
663400
663461
663524
663556
663571
663764
663784
663806
663987
664017
664118
664521
664578
664699
664724
664977
665177
665207
665293
665325
665339
665412
665444
665780
665923
665952
666238
666264
666387
666560
666636
666685
666780
666997
666997
667211
667336
667376
667553
667723
667827
667858
667989
668050
668097
668310
668401
668441
668487
668494
668736
668768
668817
668836
668861
668896
668959
669189
669540
669612
669618
669760
669987
670051
670112
670559
670585
670681
670850
670880
670971
671202
671244
671444
671530
671531
671531
671583
671654
671663
671713
671774
671948
672009
672147
672195
672289
672431
672483
672529
672705
672733
672734
672780
672785
672810
672835
672976
673045
673267
673419
673498
673518
673689
673720
673759
674112
674148
674281
674454
674556
674614
674627
675014
675190
675322
675322
675329
675786
675881
675882
676182
676255
676263
676268
676336
676586
676703
676726
676778
676830
676846
677114
677134
677223
677280
677360
677727
677776
677829
677850
677883
677933
677951
678136
678142
678159
678394
678454
678656
678795
678841
678897
678906
678913
679022
679100
679452
679488
679609
679858
679872
679931
679985
679999
680005
680068
680118
680130
680134
680145
680214
680231
680250
680275
680381
680415
680523
680778
680880
681112
681199
681262
681350
681401
681478
681491
681735
681738
681932
682081
682114
682120
682237
682259
682301
682330
682332
682371
682509
682604
682611
682675
682794
682858
682891
683153
683314
683401
683445
683532
683627
683836
684057
684109
684118
684179
684217
684261
684456
684529
684746
685039
685322
685390
685464
685525
685576
685820
685867
686023
686029
686247
686339
686470
686475
686513
686684
686703
686763
686831
686906
687077
687102
687140
687202
687317
687335
687348
687367
687437
687450
687454
687532
687540
687646
687707
688170
688219
688338
688340
688504
688637
688762
689125
689346
689411
689434
689461
689514
689573
689637
689675
689865
689923
690025
690191
690219
690238
690487
690948
690962
690970
691150
691507
691646
691666
691693
691882
692150
692744
692754
692870
692963
693048
693095
693144
693279
693368
693390
693496
693503
693580
693584
693605
693605
693656
693672
693675
693716
693791
694104
694268
694305
694407
694419
694624
694636
694718
694721
694962
694964
694973
695008
695149
695164
695197
695465
695543
695590
695611
695813
695814
695857
696000
696036
696185
696414
696426
696433
696693
696777
696998
697045
697173
697186
697191
697265
697760
697842
697875
698026
698197
698225
698264
698557
698559
698822
698975
699066
699094
699250
699306
699424
699501
699529
699699
699740
699803
699837
700014
700102
700314
700400
700640
700713
700718
700756
700975
700987
701002
701005
701031
701045
701091
701130
701207
701365
701568
701707
701773
701778
701834
701861
701910
702394
702473
702502
702565
702595
702753
702894
702921
703068
703183
703230
703263
703404
703444
703599
703604
703683
703804
703851
703881
703929
704087
704110
704118
704143
704152
704185
704319
704358
704396
704701
704750
704794
704842
704872
704894
704981
704993
705074
705121
705143
705175
705284
705353
705693
705716
705820
705903
705987
706072
706087
706101
706187
706271
706307
706374
706425
706429
706505
706523
706644
706749
706842
706917
706945
707421
707530
707534
707601
707716
707739
708049
708070
708170
708205
708224
708335
708336
708452
708507
708563
708590
708695
708701
708733
709032
709351
709355
709383
709529
709605
709622
709804
709931
709932
709934
710035
710066
710087
710126
710152
710171
710178
710352
710399
710409
710415
710476
710510
710527
710555
711083
711213
711421
711475
711500
711608
711624
711674
711792
711815
711829
711881
711970
712191
712202
712223
712322
712427
712437
712465
712524
712544
713029
713059
713118
713332
713372
713440
713462
713513
713692
713799
713984
714062
714193
714296
714542
714605
714817
714832
715010
715477
715480
715695
715816
715818
715883
715953
716112
716136
716307
716622
716671
716700
716709
716726
716891
716903
717183
717224
717233
717322
717349
717423
717524
717589
717853
717863
717927
717959
718160
718189
718200
718214
718302
718388
718405
718424
718442
718461
718671
718794
718809
718871
718871
719249
719495
719501
719781
719826
719925
720449
720563
720650
720748
720773
720785
720870
720877
720904
721006
721028
721439
721464
721595
721767
721795
721835
721875
721983
722148
722367
722536
722740
722950
723110
723173
723189
723246
723366
723418
723447
723593
723635
723824
724015
724020
724361
724416
724590
724816
724892
725116
725124
725154
725662
725895
726055
726139
726181
726262
726369
726704
726732
726963
726964
727005
727006
727153
727218
727276
727382
727643
727790
727865
727902
727987
728006
728094
728192
728262
728342
728460
728847
728926
729090
729145
729170
729180
729193
729300
729509
729560
729807
729808
730203
730357
730392
730466
730488
730507
730667
730863
730954
730991
731086
731201
731243
731257
731300
731370
731387
731402
731417
731514
731561
731603
731862
732018
732229
732268
732374
732468
732577
732717
732777
732797
732817
732914
732918
733142
733340
733573
733683
733759
733843
733879
733981
733985
734073
734108
734231
734462
734553
734624
734835
734956
735106
735151
735487
735550
735564
735749
735809
735855
735886
735917
736014
736112
736125
736132
736139
736164
736242
736305
736514
736534
736681
737148
737185
737208
737265
737273
737306
737328
737383
737385
737741
737926
737949
737966
738009
738099
738128
738163
738203
738539
738623
738800
738913
738969
739185
739319
739499
739539
739588
739680
739732
739758
739805
739953
739968
740262
740317
740436
740502
740561
740612
740615
740857
740905
740951
740999
741248
741284
741350
741784
741888
741899
741982
742022
742083
742094
742099
742115
742251
742279
742442
742487
742523
742567
742620
742931
742976
742977
743048
743165
743309
743351
743396
743464
743538
743599
743717
743858
743903
744544
744615
745181
745287
745320
745833
745867
746450
746450
746527
746549
746603
746617
746663
746681
746942
747008
747089
747252
747259
747303
747379
747550
747745
747782
748156
748290
748475
748513
748600
748852
749053
749228
749238
749392
749478
749480
749526
749606
749648
749673
749682
749696
749899
749940
750042
750305
750430
750673
750680
750696
750953
751000
751038
751259
751291
751461
751560
751796
751851
751899
751968
752209
752265
752409
752594
752709
752730
752739
752938
753563
753970
754036
754142
754182
754210
754277
754386
754585
754832
754901
754967
755045
755122
755208
755345
755376
755413
755461
755754
755930
756037
756090
756222
756379
756417
756442
756671
757006
757167
757192
757240
757275
757383
757402
757485
757521
757588
757764
757906
757910
757949
757966
758062
758180
758272
758334
758349
758382
758743
758802
758858
758910
758940
758968
759218
759441
759452
759542
759690
759714
759847
759950
760283
760312
760532
760609
760754
760803
760910
761088
761127
761538
761574
761662
761667
761854
762056
762107
762179
762604
762641
762653
762765
763081
763102
763111
763171
763257
763313
763382
763416
763565
763605
763619
763706
763745
763855
763948
763996
764334
764343
764435
764454
764476
764510
764514
765226
765233
765351
765414
765538
765605
765705
765925
765999
766046
766055
766207
766511
766711
767087
767320
767350
767379
767435
767443
767680
767981
768032
768161
768522
768537
768766
768857
768916
769051
769093
769135
769295
769659
769750
769810
769867
769885
769894
769949
769978
770203
770430
770658
770696
770765
770820
771115
771184
771210
771210
771269
771324
771355
771381
771589
771652
771695
772225
772535
772685
772837
772903
773435
773615
773627
773648
774068
774119
774249
774330
774349
774467
774484
774554
774688
774810
774992
775076
775202
775213
775219
775475
775528
775690
775797
775959
776062
776262
776271
776320
776321
776420
776425
776522
776605
776754
776754
776908
776911
776974
777097
777117
777130
777154
777311
777339
777371
777467
777705
777803
777855
777867
778345
778572
778583
778591
778761
778770
778893
778914
779097
779174
779180
779397
779563
779666
779759
779957
780026
780144
780333
780448
780484
780501
780546
780593
780617
780686
780843
780919
781000
781056
781507
781668
781764
781845
781919
781927
782047
782196
782415
782581
782670
782725
782800
782965
783121
783149
783307
783318
783508
783512
783555
783610
783618
783619
784292
784299
784376
784560
784699
784805
785005
785106
785289
785319
785341
785399
785399
785544
785613
786012
786065
786393
786641
786721
786912
787000
787002
787086
787110
787132
787317
787329
787334
787357
787486
787544
787635
787921
788210
788267
788479
788496
788563
788566
788626
788722
788723
788748
788777
788874
788922
789064
789444
789567
789570
789779
789866
789896
790000
790037
790088
790145
790389
790448
790507
790528
790619
790682
790780
790807
790929
791016
791530
791561
791669
791770
791947
792005
792013
792063
792133
792178
792276
792492
792605
792731
793233
793348
793451
793690
793703
793892
793994
794199
794244
794421
794562
794594
794607
794767
794931
795055
795089
795142
795353
795660
795756
795778
795827
795831
795854
796172
796186
796455
796473
796483
796575
796644
796668
796688
796702
796800
796818
796930
796934
796972
797013
797086
797109
797238
797278
797484
797507
797510
797559
797585
797664
797949
797993
798061
798293
798854
798859
798873
798907
799003
799020
799244
799338
799360
799401
799571
799606
799627
799640
799942
799943
800101
800149
800168
800234
800308
800353
800566
801019
801157
801227
801306
801374
801437
801491
801508
801668
801874
802143
802154
802231
802364
802452
802589
802612
802736
802842
802895
802995
803107
803107
803108
803151
803271
803330
803423
803803
803922
803925
804221
804310
804349
804575
804612
804832
804863
804882
804953
805120
805186
805234
805346
805419
805453
805455
805525
805539
805748
805755
805801
805919
805995
806017
806184
806508
806685
806744
806851
807122
807250
807451
807502
807805
808051
808098
808169
808227
808381
808481
808719
808805
808814
808924
808962
809003
809176
809246
809451
809492
809778
809823
809902
809908
809927
810046
810117
810189
810235
810369
810484
810538
810572
810664
810797
810815
810846
810970
811020
811104
811130
811308
811330
811373
811593
811634
811646
811977
812013
812249
812391
812518
812635
812680
812770
812927
813051
813139
813182
813340
813355
813514
813576
813702
813717
813721
813754
813804
813876
813888
813994
814186
814412
814427
814936
815148
815149
815324
815637
815783
815955
816105
816186
816225
816620
816935
817222
817243
817345
817370
817421
817567
817652
817657
817691
817725
817780
817936
817989
818038
818139
818149
818210
818453
818505
818587
818614
818791
819055
819143
819181
819278
819325
819375
819438
819463
819473
819484
819532
819534
819620
819822
819869
819987
820091
820256
820266
820485
820706
820719
820752
820934
820956
821023
821044
821427
821451
821514
822156
822261
822294
822438
822567
822590
822611
822640
822755
822902
822973
822992
823002
823003
823041
823171
823361
823437
823557
823689
823699
823835
823856
823899
823901
823954
824083
824101
824162
824288
824290
824298
824443
824546
824810
824915
824928
825030
825179
825183
825493
825494
825646
825753
826038
826073
826164
826223
826377
826441
826503
826511
826671
826863
826982
827309
827525
827629
827668
827682
827807
827843
827982
828029
828045
828133
828154
828165
828234
828355
828401
828448
828619
828621
828656
828831
828859
829003
829112
829181
829226
829436
829488
829590
829868
829896
829899
830087
830246
830255
830445
830627
830657
831027
831204
831265
831286
831294
831356
831384
831498
831620
831644
831727
831770
831850
831906
832031
832328
832341
832345
832362
832408
832823
833011
833078
833220
833501
833504
833511
833526
833681
833848
833881
833907
833954
833964
834061
834143
834295
834317
834329
834354
834539
834780
834838
834888
834903
835030
835275
835287
835288
835339
835393
835455
835501
835634
835810
835875
836094
836097
836114
836117
836136
836146
836149
836324
836350
836364
836415
836880
837144
837162
837308
837420
837450
837615
837699
838027
838171
838230
838362
838622
838629
838639
838698
838799
839003
839072
839160
839202
839230
839249
839273
839372
839552
839556
839589
839654
839676
839747
839900
840030
840214
840239
840351
840360
840361
840391
840520
840896
840907
840964
841138
841254
841301
841308
841396
841467
841603
841752
842019
842022
842141
842153
842166
842175
842236
842400
842579
842739
842816
842820
842934
842956
843039
843050
843260
843286
843588
843746
843884
843954
844304
844306
844332
844544
844558
844598
844628
844765
845135
845164
845192
845211
845412
845478
845519
845612
845654
845720
845765
845813
845941
845978
846088
846093
846148
846163
846173
846214
846236
846244
846588
846767
846864
846952
847031
847188
847232
847243
847363
847386
847431
847571
847587
847676
847796
847806
847960
848005
848061
848166
848299
848375
848471
848533
848678
848732
848799
848821
848886
849080
849112
849127
849145
849585
849708
849782
849797
849800
849858
849901
850056
850095
850100
850161
850224
850253
850254
850269
850312
850399
850407
850494
850758
850819
850861
850899
850912
850947
851095
851118
851134
851466
851489
851525
851526
851693
851733
851871
852100
852143
852180
852259
852419
852594
852624
852714
853031
853262
853485
853578
853601
854102
854146
854173
854335
854397
854480
854563
854614
854653
854880
854995
855120
855176
855223
855231
855409
855412
855431
855513
855553
855553
855583
855812
855909
855966
856021
856514
856562
856694
856737
856984
857019
857040
857208
857248
857362
857546
857717
858025
858099
858153
858225
858410
858607
858611
858668
858743
858952
859161
859551
859957
860312
860321
860516
860549
860639
860707
860743
860991
860999
861246
861513
861712
861788
861983
862051
862252
862332
862346
862721
863012
863342
863427
863567
863578
863644
863801
864016
864058
864083
864100
864355
864450
864582
864649
864685
864792
865027
865037
865061
865310
865351
865620
865764
865891
865997
866059
866183
866263
866347
866348
866366
866451
866544
866555
866739
867071
867203
867275
867351
867418
867560
867575
867627
867718
867796
867868
867890
867910
867946
867954
868190
868257
868338
868458
868473
868687
868693
868728
868815
869140
869284
869287
869290
869306
869310
869331
869340
869394
869512
869546
869579
869581
869688
869920
869936
870058
870081
870100
870169
870312
870313
870356
870371
870520
870857
870963
871035
871192
871285
871492
871588
871678
871696
871912
871933
872044
872098
872101
872153
872224
872308
872366
872372
872432
872433
872460
872501
872506
872520
872529
872869
873043
873059
873252
873269
873284
873385
873472
873521
873530
873548
873628
873801
873973
874002
874042
874284
874288
874394
874420
874498
874554
874660
874914
874935
875162
875291
875349
875387
875402
875529
875672
875757
875934
875963
876300
876359
876369
876399
876413
876486
876547
876585
876635
876664
876757
876764
876783
877036
877156
877174
877194
877222
877231
877255
877294
877636
877720
877934
877960
878114
878367
878377
878449
878483
878667
878712
878799
878847
879035
879098
879114
879123
879164
879168
879190
879291
879418
879459
879644
879645
879656
879733
879884
880206
880370
880407
880453
880651
880874
881062
881088
881146
881428
881432
881475
881569
882066
882090
882169
882297
882371
882562
882703
882735
883122
883133
883282
883336
883534
883893
884144
884209
884330
884533
884537
884553
884566
884596
884727
884731
884830
885012
885071
885105
885216
885319
885358
885510
885701
885834
885876
886024
886034
886244
886293
886399
886560
886661
886712
886820
886848
887189
887195
887267
887427
887593
887689
887695
887712
887754
887996
888116
888146
888180
888206
888223
888254
888512
888565
888634
888664
888830
888867
888895
888916
888929
889041
889045
889095
889184
889228
889267
889324
889334
889549
889584
889679
889951
889986
889989
890010
890102
890122
890194
890330
890401
890707
890847
890886
891010
891127
891345
891583
891807
891818
891918
892118
892231
892523
892541
892628
892637
892734
892757
892773
892926
892955
892984
892992
893066
893150
893293
893309
893344
893493
893644
893766
893839
893870
893977
894019
894076
894090
894190
894201
894341
894348
894550
894850
894865
894960
895027
895092
895226
895247
895395
895542
895725
895769
895877
896146
896308
896316
896369
896541
896550
896585
896745
897009
897160
897385
897444
897451
897503
897731
897842
897892
897905
898006
898010
898033
898056
898125
898409
898431
898517
898576
898631
898958
898960
899070
899175
899303
899530
899539
899654
899671
899724
899792
899804
899815
899847
899889
899959
900003
900187
900249
900266
900267
900489
900678
900683
900710
900863
900863
900921
900960
901210
901236
901300
901424
901528
901636
901686
901718
901828
901864
901924
901950
901985
902219
902344
902388
902602
902723
902747
902829
902868
902908
902911
902962
902986
903021
903303
903304
903718
903749
903904
903935
903946
904014
904024
904091
904113
904192
904206
904216
904364
904392
904449
904478
904480
904545
904547
904567
904819
904878
904894
904912
904926
905018
905019
905099
905309
905333
905397
905405
905465
905565
905576
905597
905677
905806
905862
905927
905973
906133
906157
906220
906297
906419
906463
906635
906708
906890
906968
907238
907324
907391
907406
907507
907811
907892
908052
908091
908097
908175
908765
908832
908984
909042
909147
909158
909166
909258
909356
909417
909509
909511
910357
910464
910516
910561
910575
910604
910766
910932
910986
910988
911035
911046
911053
911120
911247
911322
911457
911495
911930
912021
912100
912395
912408
912474
912486
912554
912589
912826
912874
912956
912994
913107
913121
913166
913167
913180
913281
913293
913309
913344
913562
913649
913655
914089
914092
914185
914187
914252
914324
914351
914353
914380
914464
914471
914585
914634
914766
914781
914870
914890
914961
915045
915211
915231
915315
915321
915542
915773
916094
916143
916257
916288
916432
916466
916478
916508
916633
916683
916765
916789
916804
916944
917077
917237
917398
917425
917504
917629
917708
917770
917786
917993
918047
918095
918162
918185
918237
918246
918513
918630
918869
919036
919068
919070
919131
919134
919361
919413
919420
919437
919494
919515
919525
919580
919609
919634
919702
919726
919813
919871
919958
920014
920024
920063
920538
920547
921014
921021
921061
921149
921168
921299
921329
921384
921469
921521
921544
921645
921756
921778
921948
922080
922088
922089
922139
922440
922777
922964
923082
923093
923287
923291
923650
923715
923840
923842
923849
923854
923909
923982
924031
924057
924142
924176
924226
924316
924406
924485
924637
924692
924776
924856
925112
925134
925227
925285
925686
925763
925795
925952
926038
926135
926388
926455
926553
926862
926889
926899
927002
927085
927203
927254
927295
927500
927565
927579
927598
927688
927722
927761
927811
927835
928677
928754
928920
928935
929005
929064
929105
929147
929157
929198
929211
929326
929414
929480
929611
929621
929670
929711
929737
930023
930306
930379
930594
930600
930846
930939
931093
931518
931732
931775
931783
931794
931882
931993
932271
932348
932450
932487
932830
932947
933408
933441
933690
933799
933906
934008
934346
934359
934401
934425
934486
934553
935046
935172
935175
935208
935268
935333
935388
935615
935794
935860
935899
935904
936310
936372
936563
936629
936641
936669
936821
936931
936954
937116
937180
937250
937326
937368
937709
937723
937858
938193
938206
938286
938300
938454
938467
938570
938611
938750
939055
939190
939259
939492
939654
939736
939811
939925
940103
940205
940213
940233
940363
940396
940409
940423
940499
940519
940597
940599
940795
940821
940936
940944
941009
941104
941118
941163
941280
941330
941489
941525
941597
941618
941623
941951
942067
942151
942371
942467
942701
942718
942732
942770
942976
943104
943182
943411
943519
943667
943698
943704
943741
943772
943843
943879
943885
944103
944209
944311
944715
944749
944945
945260
945469
945578
945686
945863
946093
946276
946429
946441
946548
947062
947189
947245
947316
947397
947717
947731
948254
948259
948340
948454
948532
948846
948846
948991
949063
949085
949202
949246
949452
949555
949602
949621
949744
949773
949859
949879
949897
949984
950027
950266
950301
950359
950413
950522
950554
950764
950792
950931
951021
951090
951220
951248
951480
951631
951639
951792
951847
951941
952024
952060
952079
952300
952306
952324
952387
952642
952714
952799
952812
952929
952969
953021
953180
953187
953243
953358
953526
953529
953714
953837
954010
954259
954341
954355
954442
954454
954484
954639
954813
955041
955118
955247
955273
955315
955326
955681
955828
955836
955911
956052
956177
956195
956215
956249
956338
956387
956403
956585
956718
956774
956783
956812
956961
957117
957244
957247
957425
957434
957482
957495
957640
957771
957780
957784
957789
958056
958105
958111
958235
958334
958485
958732
958740
958849
959205
959257
959581
959611
959912
960036
960042
960559
960672
960709
960762
960787
960865
960886
960914
960944
961006
961183
961220
961240
961263
961274
961435
961452
961497
961518
961576
961619
961846
961942
962081
962269
962454
962498
962525
962529
962635
962660
962722
962848
962899
962931
962972
962975
963252
963385
963639
963712
963776
963814
964057
964269
964413
964447
964476
964566
964802
965009
965263
965318
965371
965390
965699
965798
965929
965933
965986
966219
966435
966541
966780
966833
966920
966982
967040
967143
967282
967289
967308
967563
967618
967744
967808
967941
967956
968114
968135
968420
968719
968797
968816
969031
969049
969083
969146
969814
970008
970164
970229
970337
970378
970457
970553
971139
971162
971177
971219
971261
971321
971322
971488
971508
971682
971705
971806
971874
971995
972083
972158
972275
972354
972385
972483
972625
972683
972859
972940
972947
973012
973018
973228
973360
973473
973492
973545
973635
973655
973739
973863
973910
973918
973922
974100
974467
974506
974508
974513
974563
974575
974694
974798
974986
975064
975335
975364
975520
975643
975651
975732
975741
975884
976023
976418
976684
976756
976882
976903
977025
977093
977117
977170
977324
977333
977633
977643
977831
977856
977982
978008
978093
978133
978196
978358
978388
978496
978753
978783
978818
978994
979159
979221
979396
979450
979555
979647
979700
979742
979807
980156
980161
980191
980355
980358
980595
980676
980808
980912
981038
981193
981258
981358
981379
981659
981789
981810
981845
981944
982014
982031
982054
982174
982323
982367
982442
982515
982520
982766
982802
982835
983144
983184
983184
983304
983388
983394
983430
983455
983517
983628
983930
984341
984565
984711
984725
984918
985071
985077
985098
985106
985123
985155
985251
985262
985380
985518
985823
985968
986015
986071
986073
986083
986099
986179
986438
986497
986519
986581
986705
986817
986935
987059
987565
987611
987763
987992
988036
988361
988373
988417
988447
988596
988683
988731
988995
989050
989132
989134
989340
989653
989673
989746
989775
989863
989994
990232
990243
990259
990283
990534
990753
990805
990902
990922
991171
991216
991328
991343
991349
991421
991572
991584
991592
991725
991792
991916
991967
992171
992186
992593
992601
992636
992651
992698
992718
992964
993011
993047
993096
993147
993625
993950
994043
994290
994403
994427
994518
994674
994807
994888
994946
995076
995120
995261
995269
995269
995402
995554
995735
995962
996067
996115
996175
996252
996288
996429
996458
996463
996544
996734
996926
997031
997065
997265
997528
997587
997788
997911
998067
998273
998324
998459
998571
998639
998801
998939
998966
999201
999254
999290
999359
999379
999458
999512
999771
999890
10000 34 143 999890
No
No
No
No
No
No
No
No
No
