424
788
317
561
395
778
785
346
455
591
992
559
155
209
311
348
579
214
987
97
266
105
529
718
88
326
283
742
296
325
439
279
910
773
575
314
782
927
430
586
689
675
450
66
960
735
80
400
148
293
237
448
133
691
357
753
937
425
257
9
271
277
868
276
360
880
247
841
616
731
802
819
641
410
234
721
426
463
656
664
50
120
328
33
994
951
615
832
719
815
87
911
642
388
622
589
709
372
116
117
134
235
352
115
825
814
497
457
384
374
935
1000
869
166
752
522
84
956
51
912
72
899
744
632
300
200
170
923
203
917
942
654
37
349
383
708
76
660
904
249
577
624
894
428
954
242
298
370
288
49
972
540
363
371
104
839
54
162
639
1
881
110
558
17
11
391
437
129
244
53
661
481
316
650
685
106
570
890
132
141
996
766
872
677
496
631
546
938
734
965
756
172
662
367
478
968
791
905
123
38
945
469
150
42
936
680
805
536
56
678
891
93
143
875
205
41
827
769
563
48
977
542
164
149
163
65
177
64
838
985
73
147
581
218
799
687
748
835
618
353
197
135
940
980
983
818
635
594
633
903
713
61
488
356
139
23
121
516
299
196
7
419
906
879
251
320
855
507
74
464
431
674
714
364
688
131
812
728
14
394
229
804
19
629
138
90
506
590
974
154
180
560
808
988
18
295
973
107
25
89
645
429
92
692
644
408
406
40
16
102
663
127
628
94
86
847
427
366
690
330
809
518
83
304
201
820
232
292
886
552
727
245
526
783
176
241
601
723
420
673
755
262
243
460
623
208
294
255
671
343
57
568
422
122
684
767
375
219
801
440
864
986
998
376
697
834
68
494
939
99
31
55
627
626
603
610
647
303
159
240
984
889
2
483
13
512
797
774
81
341
477
174
548
204
572
503
380
874
45
854
479
655
795
562
813
75
389
26
126
442
733
476
4
179
315
113
359
398
168
515
525
8
800
482
953
920
535
487
736
480
919
390
261
790
418
217
285
62
409
339
757
828
434
213
571
222
275
599
930
569
617
997
700
28
848
215
281
195
658
411
729
638
407
52
136
955
291
737
216
47
989
950
630
796
347
101
520
313
743
451
169
870
58
335
670
779
683
567
514
565
77
897
310
402
681
24
877
361
643
342
233
830
254
263
701
211
114
970
145
321
614
913
454
925
290
414
823
239
332
178
995
382
221
286
484
78
336
900
715
934
344
340
146
160
152
534
350
959
537
161
914
856
3
308
922
91
377
539
893
842
896
119
248
29
305
969
550
415
461
167
637
158
189
705
711
153
851
982
587
811
732
648
34
224
458
250
444
901
470
833
401
853
966
278
611
993
716
412
334
324
990
850
238
15
499
381
252
676
190
860
857
452
22
816
268
807
443
898
260
327
595
12
505
613
784
625
206
387
269
580
798
69
964
649
726
274
485
459
5
949
156
462
944
272
582
210
775
421
706
46
636
553
961
231
758
223
386
739
884
600
124
333
702
186
82
397
270
878
225
751
659
273
151
128
817
191
282
667
710
306
792
863
165
433
256
322
373
253
888
207
588
403
932
456
10
948
584
762
413
302
486
703
975
446
108
821
768
547
175
399
754
188
467
187
96
666
669
475
111
230
284
331
173
555
646
943
602
952
858
445
130
672
967
202
551
840
474
453
182
843
861
63
297
368
259
27
417
852
466
523
908
882
981
510
682
933
928
193
725
606
396
312
423
592
915
747
693
416
585
345
612
495
679
309
508
198
465
543
323
741
845
538
140
738
699
301
876
573
500
491
184
471
826
112
604
787
771
849
578
657
806
385
556
607
393
511
362
574
405
777
530
749
962
144
763
21
181
236
593
30
921
707
867
971
745
824
837
438
521
634
941
609
892
228
492
509
502
157
759
831
665
35
501
194
351
44
999
765
489
79
793
836
895
724
246
619
844
605
750
432
142
267
907
909
20
504
436
533
918
822
902
220
355
307
70
576
354
498
264
978
583
859
598
958
772
621
118
32
746
441
620
720
319
866
846
287
963
883
545
653
544
318
137
98
717
468
379
924
192
712
519
95
549
227
447
740
979
781
597
730
862
528
652
404
829
789
472
786
976
640
686
557
365
435
358
524
704
871
71
125
776
36
100
185
329
337
696
85
926
770
668
916
171
289
608
780
929
378
527
258
226
698
810
199
554
67
946
991
596
183
43
761
695
280
931
865
59
760
803
449
694
517
651
722
531
564
39
103
369
212
947
265
532
541
338
764
60
885
513
566
957
392
493
873
473
794
490
6
887
109
